
      Code    RO Data    RW Data    ZI Data      Debug   Object Name
       316          0          0          2        424   FCS.obj
      2244          0          5          0       1924   L1C2_Trace.obj
      1964          0          5          0       1724   L1C_CSD_Trace.obj
      2780          0          5          0       2132   L1C_Trace.obj
      3120          0          5          0       2132   L1C_egprs_trace.obj
      2808          0          5          0       2108   L1D2_Trace.obj
      3076          0          5          0       2244   L1D3_Trace.obj
      3196          0          5          0       2316   L1D_EDGE_Trace.obj
      2536          0          5          0       2108   L1D_Trace.obj
      2848          0          5          0       2136   L1SC_Trace.obj
      4108          0          5          0       2544   L1SM_Trace1.obj
      1680          0          5          0       1368   L1i_EGPRS_Trace.obj
        72          0          0          0        224   divider.obj
        10          0          0          0        156   l1_cal.obj
        12         20          0          0         52   l1_create.obj
       852          0         38         32        936   l1_interface1.obj
         4          0          0          0        104   l1_interface2.obj
      2976          0          5          0       2060   l1c3_trace.obj
      5592          0          5          0       4004   l1c4_trace.obj
      3332          0          5          0       2364   l1c5_trace.obj
        18          0          0          8        208   l1csm.obj
       356          0          0          0        456   l1d_gpio.obj
         0       1664          0          0          0   l1d_internal_data.obj
      1800          0          5          0       1420   l1i_amr_trace.obj
      2500          0          5          0       2152   l1i_cs_trace.obj
      2064          0          5          0       2040   l1i_ps_trace.obj
      3870          0          4        131       3128   l1sm.obj
      2168          0          5          0       1512   l1t_amr_trace.obj
       488          0          0          8        856   l1tst_afc.obj
       472          0          0          4        392   l1tst_agc.obj
      1970          0        218         12       2248   l1tst_cfg.obj
       544          0          0          4        564   l1tst_cont.obj
       448          0          0          4        532   l1tst_fcb.obj
      4652          4          2        212       2244   l1tst_fhc.obj
       908          0          0          4        556   l1tst_nbtx.obj
      2224         92         77         28       1492   l1tst_nsft.obj
      1362         29          2        336       1036   l1tst_pdtch.obj
       792          0          0          4        804   l1tst_pm.obj
       144          0          0          4        504   l1tst_ul.obj
       536          0          3         76        788   m11000.obj
       536        179          0          1        556   m11002.obj
       412          0          0          0        512   m11003.obj
       186          0          0          0        168   m11005.obj
      1626          0          0       9312       1104   m11006.obj
      1444        121          0          0       1656   m11007.obj
       306          0          0          7       1032   m11008.obj
      2790          0          0         28       1408   m11100.obj
        60          0          0          0        232   m11101.obj
       508         17          0          0        240   m11110.obj
       664         17          0          0        188   m11111.obj
       896         19          0          0        232   m11112.obj
       720         22          0          0        256   m11113.obj
       896         20          0         28        620   m11120.obj
       946        104          0         12       1296   m11121.obj
      2024        208          0         32       2088   m11122.obj
       454         48          0         12        540   m11123.obj
       316         48          0        280        508   m11124.obj
      2942          0          0        112       1208   m11125.obj
       742        112          0        152       1612   m11126.obj
       260          0          0          8        352   m11127.obj
       950          0          0          1        984   m11128.obj
       772         22          0         20        836   m11129.obj
        52          0          0          0        240   m11140.obj
       458          0          0          0        968   m11141.obj
        64          0          0          0         64   m11142.obj
      2362          0          0          0       1900   m11143.obj
       980          0          0          0        224   m11144.obj
       874         21          0          0        300   m11160.obj
         0          0          0          0          0   m11161.obj
         0          0          0          0          0   m11162.obj
      1218         22          0          0        300   m11163.obj
         0          0          0          0          0   m11170.obj
         0          0          0          0          0   m11171.obj
         0          0          0          0          0   m11172.obj
         0          0          0          0          0   m11173.obj
       888         40          0         40        744   m11174.obj
       336         24          0        152        404   m11175.obj
       376         24          0          1        372   m11176.obj
       788         96          0        168        944   m11177.obj
      3428        240         16        420       1588   m11178.obj
       644         32          0         12        368   m11179.obj
       136         40          0          1        404   m11180.obj
       278          0          0         11        408   m11182.obj
        52          0          0          0         60   m11190.obj
       350          0          0          0        224   m11191.obj
       380          0          0          0        264   m11192.obj
      1516          0          0          0        924   m11193.obj
       312          0          0          0         76   m11194.obj
      1296          0          0       1140       1176   m11280.obj
      2022          0          0       3084       1400   m11281.obj
      2574          0          0        728       1472   m11282.obj
       844         51          0          1        624   m11284.obj
        40          0          0          0        120   m11285.obj
        44          0          0          0        120   m11286.obj
       202          0          0         12        464   m11287.obj
       188          0          0          2        244   m11288.obj
      1232          0          0          0        704   m11289.obj
       572          0          0         16        488   m11291.obj
       436          0          0         60        752   m11300.obj
      2222          0          0        152       3876   m11301.obj
      1150          0         24          0       1344   m11302.obj
      3502        464          0       2180       3552   m11303.obj
       854          0          0        192        840   m11304.obj
      1994          4          0        132       1860   m11305.obj
       580          0          0         36        716   m11306.obj
      1062         40          0        456        888   m11410.obj
       800          0          0         44        580   m11411.obj
       820          0          0         96        760   m11413.obj
      1492         48          0        116       1296   m11420.obj
       698          0          0         92        640   m11421.obj
      1612         51          0        112       1284   m11422.obj
      1088          0          0        140        764   m11423.obj
      2018        120          0         56       1500   m11424.obj
      1000          0          0         28        492   m11425.obj
       196          0          0          8        356   m11426.obj
       388        102          0         36        424   m11427.obj
       700         51          0         88        436   m11430.obj
      3798        581          1        336       2884   m11440.obj
      1472         48          0        148        892   m11441.obj
      3218        828          0        152       1340   m11442.obj
       764          0          0         56        504   m11443.obj
       740        204          0         56        432   m11444.obj
       424          0          0         48        700   m11445.obj
       488          0          0         28        728   m11446.obj
       424          0          0         40        772   m11447.obj
      1822         19          0         72        936   m11448.obj
         0          0          0          0          0   m11450.obj
         0          0          0          0          0   m11451.obj
      1016          0          0         92        640   m11452.obj
      2284         50          0        212       1308   m11453.obj
       332         30          0         40        556   m11454.obj
        34          0          0          0        172   m11455.obj
      2692         26          0        356       1600   m11458.obj
       632          0          0         52        448   m11459.obj
         0          0          0          0          0   m11460.obj
         0          0          0          0          0   m11461.obj
       424          0          0         52        556   m11462.obj
       560          0          0         92        788   m11463.obj
       668          0          0         72        460   m11465.obj
       504          0          0         32        432   m11466.obj
      1120         29          0         84        692   m11467.obj
       928          0          0        104        688   m11468.obj
     15806        384         12       1756      13864   m12100.obj
      4622          8          0        460       1964   m12110.obj
      1224          8          0         54        940   m12120.obj
      5062          0          0         60       2184   m12130.obj
      1304          0          0         24        560   m12140.obj
        20         46          0          0        268   m12150.obj
         2          0          0          0         52   m12151.obj
      7798       2904         68        308       2688   m12160.obj
         0          0          4      12312          0   m12161.obj
         0          0          0          0          0   m12162.obj
      1476        284          0         92        876   m12165.obj
         0          0          0          0          0   m12167.obj
      3668        104          4        154       2464   m12168.obj
     10674         76          8        410       3808   m12170.obj
      1686        256          0         44       1900   m12171.obj
      1078          0          0        248        920   m12180.obj
       436          0          0         12        240   m12185.obj
      1488          0          0         24        624   rftool_gsm.obj
    219098      10101        571      38768     164448   TOTAL

