########################################################
TYPE: MAP
LANG: 1
BIT_MODE: 16
DATA:
__align(4) const CUSTOM_STRING_MAP_16 StrMap_1[] = {
	1,
	7,
	16,
	23,
	32,
	41,
	51,
	55,
	63,
	72,
	78,
	89,
	98,
	120,
	136,
	147,
	162,
	172,
	177,
	187,
	192,
	199,
	210,
	216,
	222,
	230,
	238,
	249,
	257,
	266,
	271,
	279,
	303,
	333,
	340,
	353,
	367,
	392,
	397,
	408,
	416,
	423,
	434,
	442,
	451,
	459,
	464,
	478,
	486,
	497,
	511,
	516,
	525,
	535,
	547,
	554,
	572,
	590,
	603,
	614,
	621,
	641,
	662,
	667,
	684,
	690,
	696,
	704,
	710,
	715,
	722,
	737,
	752,
	757,
	777,
	792,
	801,
	809,
	815,
	820,
	825,
	830,
	835,
	841,
	854,
	879,
	887,
	907,
	915,
	948,
	970,
	994,
	1011,
	1026,
	1040,
	1055,
	1071,
	1090,
	1102,
	1107,
	1115,
	1121,
	1128,
	1132,
	1139,
	1144,
	1153,
	1161,
	1168,
	1180,
	1192,
	1206,
	1214,
	1227,
	1232,
	1237,
	1244,
	1263,
	1268,
	1285,
	1288,
	1303,
	1308,
	1315,
	1329,
	1361,
	1379,
	1393,
	1397,
	1400,
	1403,
	1408,
	1416,
	1423,
	1448,
	1457,
	1463,
	1469,
	1477,
	1482,
	1508,
	1520,
	1538,
	1544,
	1552,
	1558,
	1567,
	1573,
	1578,
	1583,
	1592,
	1607,
	1617,
	1628,
	1636,
	1643,
	1651,
	1658,
	1666,
	1672,
	1679,
	1685,
	1692,
	1701,
	1706,
	1712,
	1730,
	1736,
	1743,
	1750,
	1760,
	1767,
	1772,
	1785,
	1809,
	1827,
	1835,
	1840,
	1849,
	1856,
	1860,
	1866,
	1872,
	1877,
	1885,
	1891,
	1896,
	1904,
	1912,
	1917,
	1930,
	1935,
	1962,
	1978,
	1989,
	1996,
	2007,
	2026,
	2030,
	2037,
	2041,
	2058,
	2067,
	2081,
	2094,
	2100,
	2105,
	2112,
	2122,
	2126,
	2131,
	2135,
	2161,
	2193,
	2213,
	2234,
	2274,
	2305,
	2324,
	2345,
	2380,
	2390,
	2397,
	2404,
	2412,
	2422,
	2431,
	2438,
	2447,
	2451,
	2455,
	2459,
	2463,
	2467,
	2471,
	2475,
	2479,
	2483,
	2487,
	2491,
	2495,
	2499,
	2503,
	2507,
	2511,
	2515,
	2519,
	2523,
	2534,
	2540,
	2546,
	2554,
	2566,
	2573,
	2580,
	2641,
	1361,
	2695,
	535,
	2705,
	2716,
	2734,
	2747,
	2765,
	2786,
	2797,
	2812,
	516,
	2827,
	2839,
	2858,
	2858,
	2839,
	2858,
	2839,
	2877,
	2886,
	2895,
	2904,
	2913,
	2922,
	2975,
	3040,
	3096,
	3119,
	3184,
	3193,
	3239,
	3277,
	3289,
	3303,
	3309,
	3314,
	3339,
	3359,
	3364,
	3379,
	3394,
	3411,
	3449,
	3473,
	3486,
	3501,
	3519,
	3537,
	3570,
	3598,
	3618,
	3624,
	3630,
	3636,
	3642,
	3648,
	3654,
	3660,
	3666,
	3672,
	3678,
	3688,
	3699,
	3713,
	3726,
	3746,
	3765,
	3784,
	3789,
	3803,
	3817,
	3837,
	3848,
	3865,
	3874,
	3885,
	3892,
	3901,
	3911,
	3924,
	3934,
	3951,
	3966,
	3986,
	4000,
	4015,
	4031,
	4059,
	4074,
	4091,
	4110,
	3678,
	4131,
	4144,
	4157,
	4171,
	4191,
	4203,
	4208,
	4215,
	4228,
	4251,
	4292,
	4302,
	4317,
	4348,
	4386,
	4416,
	4436,
	4456,
	4483,
	4497,
	4524,
	4546,
	4561,
	4575,
	4586,
	4605,
	4619,
	4622,
	4648,
	4655,
	4670,
	4686,
	4695,
	4706,
	4734,
	4750,
	4762,
	4775,
	4779,
	4788,
	4801,
	4820,
	2380,
	4843,
	4865,
	4880,
	4907,
	4931,
	4940,
	4973,
	5004,
	5034,
	5059,
	5083,
	5106,
	5133,
	5161,
	5191,
	5221,
	5248,
	5275,
	5312,
	5369,
	5396,
	5436,
	5454,
	5477,
	5500,
	5529,
	5555,
	5577,
	5604,
	5635,
	5652,
	5681,
	5702,
	5715,
	5726,
	5749,
	5771,
	5784,
	5808,
	5818,
	5832,
	5847,
	5864,
	5887,
	5909,
	5940,
	5970,
	5996,
	6001,
	6007,
	6043,
	6066,
	6081,
	6092,
	6104,
	6122,
	6043,
	6139,
	6150,
	6163,
	6174,
	6184,
	6200,
	6207,
	6214,
	6226,
	6245,
	6262,
	6283,
	6304,
	6317,
	6327,
	6342,
	6358,
	6376,
	6408,
	6429,
	6453,
	6477,
	6482,
	6512,
	6542,
	6546,
	6550,
	6554,
	6566,
	6579,
	6600,
	6611,
	6624,
	6643,
	6656,
	6664,
	6676,
	6702,
	6722,
	6734,
	6752,
	6768,
	6790,
	6802,
	6823,
	6853,
	6868,
	6882,
	6895,
	6903,
	6911,
	6920,
	6930,
	6951,
	6958,
	6971,
	6980,
	6989,
	6998,
	7009,
	7019,
	7023,
	7035,
	7046,
	7059,
	7072,
	7085,
	7089,
	7096,
	7105,
	7132,
	7142,
	7151,
	7171,
	7186,
	7194,
	7203,
	7211,
	7215,
	7226,
	7233,
	7245,
	3359,
	7250,
	7257,
	7272,
	7283,
	7296,
	7313,
	7332,
	7350,
	7373,
	7394,
	7415,
	7431,
	7451,
	7471,
	7486,
	7496,
	7509,
	7527,
	7546,
	7559,
	7563,
	7569,
	7574,
	7580,
	7586,
	7615,
	7620,
	7636,
	7650,
	7666,
	7678,
	7694,
	7709,
	7723,
	7735,
	777,
	7755,
	7775,
	7794,
	7822,
	7848,
	7864,
	7881,
	7922,
	7946,
	7962,
	7977,
	7987,
	8001,
	8009,
	8020,
	8031,
	8045,
	8062,
	8085,
	8101,
	8118,
	8130,
	8140,
	8162,
	8182,
	757,
	8197,
	8211,
	8226,
	8240,
	8250,
	8263,
	8275,
	8285,
	8302,
	8316,
	8343,
	8362,
	8390,
	8413,
	8362,
	8437,
	8459,
	8483,
	8500,
	8516,
	8542,
	8563,
	8620,
	8640,
	8661,
	8661,
	8674,
	8688,
	8702,
	8706,
	8709,
	8724,
	8738,
	8749,
	8761,
	8777,
	8813,
	8850,
	8863,
	8876,
	8887,
	8898,
	8903,
	8912,
	8920,
	8934,
	8944,
	8961,
	8971,
	8944,
	8976,
	8944,
	8981,
	8985,
	8993,
	9035,
	9040,
	9046,
	9054,
	9061,
	9091,
	9123,
	9141,
	9158,
	9166,
	9174,
	9180,
	9187,
	9208,
	9218,
	9230,
	9241,
	9252,
	9269,
	9281,
	9298,
	9317,
	9332,
	9344,
	9355,
	9368,
	9378,
	9397,
	6542,
	6546,
	9416,
	9424,
	9438,
	9450,
	9464,
	9475,
	9492,
	9494,
	9502,
	9515,
	9542,
	9570,
	9611,
	9653,
	9695,
	9715,
	9732,
	9781,
	9819,
	9868,
	9894,
	9927,
	9962,
	9983,
	10011,
	10032,
	10045,
	10049,
	5832,
	10070,
	10087,
	10105,
	10115,
	10125,
	10139,
	10149,
	10159,
	10175,
	9252,
	10193,
	9269,
	10205,
	10216,
	10246,
	9252,
	10246,
	10259,
	10277,
	10293,
	614,
	10304,
	10313,
	10330,
	10345,
	10358,
	10373,
	10382,
	10393,
	10405,
	10424,
	10443,
	10464,
	10487,
	10512,
	10529,
	10543,
	10560,
	10576,
	10593,
	10604,
	10615,
	10634,
	10644,
	10676,
	10689,
	10701,
	10714,
	10725,
	10738,
	10756,
	10762,
	10774,
	10780,
	10793,
	10808,
	10819,
	10826,
	10840,
	10854,
	10864,
	10881,
	10889,
	10904,
	10917,
	3379,
	3394,
	10932,
	10946,
	10965,
	11000,
	11013,
	11023,
	3379,
	8263,
	11043,
	11054,
	11072,
	11092,
	11112,
	11134,
	3486,
	11151,
	11177,
	11195,
	1303,
	11205,
	11215,
	11225,
	11230,
	11237,
	11246,
	11256,
	11264,
	11272,
	11279,
	11286,
	11295,
	11304,
	11313,
	11323,
	11332,
	11345,
	11351,
	11360,
	11370,
	11381,
	11398,
	11406,
	11417,
	11423,
	11437,
	11444,
	11449,
	11459,
	11468,
	11478,
	11487,
	11495,
	11508,
	11514,
	11524,
	11529,
	11542,
	11552,
	11559,
	11566,
	11573,
	11585,
	11596,
	11603,
	11610,
	11620,
	11632,
	11641,
	11648,
	11658,
	11667,
	11682,
	11688,
	11696,
	11706,
	11713,
	11719,
	11725,
	11730,
	11744,
	11753,
	11763,
	11769,
	11777,
	11787,
	11794,
	11801,
	11808,
	11814,
	11820,
	11830,
	11837,
	11849,
	11856,
	11867,
	11874,
	11881,
	1303,
	11887,
	11891,
	11895,
	11899,
	11903,
	11907,
	11911,
	11915,
	11919,
	11923,
	11927,
	11931,
	11935,
	11939,
	11943,
	11947,
	11951,
	11955,
	11959,
	11963,
	11967,
	11971,
	11975,
	11979,
	11983,
	11987,
	11991,
	11995,
	11999,
	12003,
	12007,
	12011,
	12015,
	12019,
	12023,
	12027,
	12031,
	12035,
	12039,
	12043,
	12047,
	12051,
	12055,
	12059,
	12063,
	12067,
	12071,
	12075,
	12079,
	12083,
	12087,
	12091,
	12095,
	12099,
	12103,
	12107,
	12111,
	12115,
	12119,
	12131,
	12145,
	12163,
	12175,
	12198,
	12220,
	12240,
	12255,
	12277,
	12296,
	12316,
	12330,
	12343,
	12356,
	12371,
	12386,
	12397,
	12421,
	12437,
	12463,
	12509,
	12534,
	12548,
	12563,
	12576,
	12587,
	12599,
	12611,
	12623,
	12635,
	12647,
	12669,
	12682,
	10443,
	5702,
	12695,
	12711,
	12726,
	12733,
	12740,
	12753,
	12772,
	12790,
	12797,
	12806,
	12820,
	12833,
	12841,
	12853,
	12883,
	12895,
	12917,
	12933,
	12945,
	12948,
	12959,
	8275,
	12997,
	12145,
	13010,
	13019,
	13035,
	13045,
	13059,
	13070,
	13086,
	13101,
	13113,
	13127,
	13138,
	13150,
	13165,
	13185,
	13226,
	13265,
	13272,
	13276,
	13287,
	13314,
	13335,
	13350,
	13366,
	13392,
	13410,
	13436,
	13456,
	13485,
	13506,
	13516,
	13526,
	13539,
	13553,
	13565,
	13573,
	13590,
	13599,
	13611,
	13624,
	13639,
	13649,
	13658,
	13664,
	13672,
	10756,
	13678,
	13683,
	13689,
	13704,
	13712,
	13553,
	13723,
	13733,
	13741,
	13749,
	879,
	2030,
	13761,
	13773,
	13795,
	13810,
	535,
	13816,
	13840,
	2786,
	13859,
	2747,
	392,
	13882,
	13887,
	13896,
	2716,
	1508,
	13909,
	13962,
	13971,
	1849,
	13979,
	13987,
	13995,
	14018,
	14040,
	14063,
	14086,
	14096,
	14107,
	14117,
	14127,
	14141,
	14156,
	14166,
	14173,
	1692,
	14183,
	14198,
	14213,
	14228,
	14243,
	14259,
	7089,
	14274,
	14280,
	14285,
	14300,
	4648,
	14313,
	8211,
	9492,
	14330,
	14343,
	14362,
	10205,
	14373,
	10756,
	14382,
	14394,
	2566,
	14406,
	14423,
	14431,
	14439,
	14446,
	14452,
	14465,
	14479,
	14491,
	14503,
	14524,
	14550,
	14569,
	14587,
	14607,
	14635,
	14677,
	14711,
	14752,
	4203,
	14803,
	1930,
	13882,
	14808,
	14814,
	14821,
	10774,
	14827,
	9492,
	14857,
	14861,
	14873,
	14883,
	14892,
	14903,
	14911,
	14934,
	14963,
	14979,
	14995,
	15002,
	15015,
	15043,
	15057,
	15074,
	15096,
	9332,
	15118,
	9332,
	15130,
	15145,
	15160,
	15174,
	15188,
	15209,
	15223,
	15234,
	15250,
	15256,
	15267,
	15282,
	15293,
	15304,
	15315,
	15337,
	15346,
	15354,
	15362,
	15370,
	15378,
	15386,
	15394,
	15402,
	15410,
	15418,
	15426,
	15435,
	15444,
	15453,
	15462,
	15471,
	15480,
	15489,
	15508,
	15510,
	15512,
	15514,
	15516,
	15519,
	15522,
	15562,
	15581,
	15598,
	15616,
	9317,
	15627,
	15642,
	15655,
	15680,
	15699,
	15711,
	15727,
	15734,
	15746,
	15766,
	15778,
	15790,
	15130,
	15861,
	15881,
	15948,
	15966,
	15990,
	16007,
	16017,
	16022,
	16035,
	16046,
	14166,
	16053,
	16058,
	16065,
	333,
	16074,
	16084,
	16095,
	16119,
	16132,
	16172,
	16182,
	16191,
	16204,
	16216,
	16227,
	16251,
	16258,
	16276,
	16251,
	16289,
	16297,
	16310,
	16321,
	16328,
	16335,
	16342,
	603,
	16349,
	16369,
	16389,
	16394,
	16403,
	16408,
	16419,
	16425,
	16441,
	16456,
	16470,
	16479,
	3678,
	10793,
	16488,
	16493,
	16504,
	16511,
	16526,
	16539,
	16321,
	16547,
	16328,
	16389,
	16394,
	16403,
	16425,
	16456,
	16561,
	16565,
	16335,
	16342,
	16572,
	16592,
	6139,
	603,
	16610,
	16632,
	16488,
	16662,
	16680,
	16697,
	16711,
	16719,
	16729,
	16741,
	16751,
	16765,
	16773,
	16783,
	16795,
	16805,
	16820,
	16830,
	16841,
	16854,
	4203,
	4208,
	16865,
	16885,
	16913,
	16928,
	16941,
	16972,
	16985,
	17006,
	17022,
	17034,
	17045,
	17054,
	17067,
	17080,
	17096,
	17109,
	17116,
	17124,
	17133,
	17139,
	17146,
	17153,
	17165,
	17177,
	17182,
	17199,
	17209,
	17219,
	17229,
	17239,
	17255,
	17266,
	17278,
	17288,
	17299,
	17308,
	17316,
	17330,
	17342,
	17356,
	17371,
	17388,
	17410,
	17428,
	17451,
	17464,
	17483,
	17507,
	17534,
	17548,
	17566,
	17586,
	17607,
	17617,
	17624,
	17630,
	17645,
	13672,
	17660,
	17669,
	17695,
	17706,
	17711,
	17729,
	17752,
	17774,
	8275,
	17782,
	17800,
	17816,
	7226,
	17824,
	17838,
	17853,
	17867,
	17880,
	17888,
	17896,
	17909,
	17953,
	17995,
	18024,
	18045,
	18058,
	18072,
	18089,
	18113,
	18125,
	18136,
	18152,
	18174,
	18193,
	18205,
	18213,
	18231,
	18246,
	18261,
	17278,
	17824,
	18277,
	18291,
	18308,
	18316,
	18325,
	18341,
	18359,
	737,
	18378,
	18389,
	18401,
	18427,
	18440,
	18453,
	18466,
	18482,
	18493,
	18512,
	18528,
	9035,
	3678,
	17278,
	4775,
	18538,
	1840,
	16007,
	4779,
	18548,
	14330,
	18561,
	18572,
	18579,
	18590,
	18600,
	18637,
	18643,
	18655,
	18668,
	18677,
	18702,
	18724,
	18759,
	18781,
	18803,
	18824,
	18844,
	18863,
	18878,
	18884,
	18904,
	1303,
	18910,
	18904,
	18921,
	23,
};
########################################################
TYPE: MAP
LANG: FIXED
BIT_MODE: 16
DATA:
const CUSTOM_STRING_MAP_16 StrMap_Fixed[] = {
	1,
	3,
	5,
	7,
	9,
	11,
	13,
	15,
	17,
	19,
	21,
	24,
	29,
	59,
	59,
	59,
	59,
	59,
	59,
	59,
	61,
	65,
	79,
	110,
	133,
	137,
	162,
	167,
	172,
	178,
	195,
	211,
	224,
	236,
	247,
	260,
	273,
	285,
	299,
	311,
	324,
	337,
	350,
	360,
	370,
	383,
	394,
	405,
	420,
	446,
	462,
	471,
	480,
	490,
	500,
	509,
	518,
	527,
	534,
	539,
	553,
	565,
	576,
	586,
	600,
	604,
	607,
	623,
	633,
	642,
	653,
	671,
	679,
	684,
	689,
	694,
	704,
	713,
	726,
	740,
	754,
	764,
	773,
	784,
	791,
	798,
	805,
	814,
	823,
	835,
	857,
	873,
	893,
	914,
	920,
	933,
	944,
	967,
	973,
	989,
	994,
	1003,
	1014,
	1026,
	1030,
	1037,
	1046,
	1053,
	1062,
	1073,
	1083,
	1095,
	1108,
	1114,
	1120,
	1126,
	1132,
	1138,
	1144,
	1151,
	1160,
	1169,
	1178,
	1187,
	1196,
	1205,
	1214,
	1231,
	1244,
	1263,
	1281,
	1298,
	1315,
	1325,
	1335,
	1345,
	1355,
	1365,
	1376,
	1396,
	1407,
	1426,
	1435,
	1442,
	1448,
	1457,
	1469,
	1490,
	1501,
	1515,
	1527,
	1537,
	1545,
	1549,
	1555,
	1560,
	1568,
	1576,
	1584,
	1602,
	1621,
	1625,
	1636,
	1649,
	1694,
	1698,
	1706,
	1714,
	1725,
	1744,
	1756,
	1761,
	1768,
	1775,
	1783,
	1791,
	1797,
	1801,
	1805,
	1809,
	1820,
	1823,
	1826,
	1831,
	1840,
	1849,
	1861,
	1870,
	1882,
	1892,
	1907,
	1912,
	1918,
	1924,
	1933,
	1942,
	1955,
	1959,
	1964,
	1973,
	1980,
	1985,
	1991,
	1998,
	2007,
	2018,
	2026,
	2034,
	2040,
	2049,
	2058,
	2063,
	2070,
	2077,
	2089,
	2101,
	2107,
	2118,
	2127,
	2141,
	2149,
	2157,
	2166,
	2176,
	2183,
	2197,
	2203,
	2212,
	2221,
	2229,
	2236,
	2244,
	2249,
	2259,
	7,
	2262,
	2266,
	2271,
	2276,
	2283,
	2292,
	2301,
	2309,
	2316,
	2324,
	2334,
	2342,
	2353,
	2362,
	2370,
	2377,
	2387,
	2391,
	2402,
	2410,
	2419,
	2425,
	2433,
	2441,
	2445,
	2454,
	2464,
	2469,
	2478,
	2491,
	2496,
	2505,
	2515,
	2524,
	2532,
	2539,
	2547,
	2551,
	2555,
	2567,
	2579,
	2586,
	2595,
	2604,
	2609,
	2620,
	2629,
	2637,
	2651,
	2657,
	2670,
	2681,
	2690,
	2694,
	2701,
	2709,
	2712,
	2721,
	2729,
	2740,
	2751,
	2762,
	2768,
	2777,
	2786,
	2795,
	2799,
	2807,
	2815,
	2823,
	2828,
	2832,
	2837,
	2849,
	2858,
	2870,
	2875,
	2878,
	2887,
	2897,
	2905,
	2913,
	2917,
	2926,
	2938,
	2947,
	2956,
	2967,
	2975,
	2978,
	2989,
	2999,
	3008,
	3013,
	3023,
	3034,
	3038,
	3045,
	3049,
	3054,
	3063,
	3072,
	3077,
	3084,
	3090,
	3100,
	3109,
	3117,
	3127,
	3136,
	3142,
	3149,
	3158,
	3170,
	3176,
	3188,
	3198,
	3206,
	3211,
	3220,
	3227,
	3236,
	3248,
	3253,
	3257,
	3266,
	3273,
	3283,
	3292,
	3299,
	3311,
	3317,
	3323,
	3334,
	3346,
	3353,
	3359,
	3366,
	3377,
	3389,
	3397,
	3406,
	3415,
	3426,
	3438,
	3445,
	3452,
	3460,
	3469,
	3474,
	3487,
	3494,
	3505,
	3511,
	3518,
	3530,
	3538,
	3543,
	3554,
	3563,
	3570,
	3577,
	3586,
	3594,
	3605,
	3615,
	3619,
	3628,
	3639,
	3651,
	3660,
	3668,
	3674,
	3686,
	3699,
	3707,
	3719,
	3729,
	3736,
	3746,
	3758,
	3769,
	3781,
	3788,
	3799,
	3811,
	3821,
	3831,
	3840,
	3844,
	3858,
	3863,
	3867,
	3877,
	3882,
	3900,
	3911,
	3921,
	3927,
	3939,
	3950,
	3963,
	3973,
	3981,
	3993,
	4001,
	4009,
	4017,
	4025,
	4034,
	4044,
	4055,
	4063,
	4072,
	4083,
	4093,
	4105,
	4115,
	4123,
	4132,
	4137,
	4149,
	4160,
	4170,
	4182,
	4188,
	4197,
	4201,
	4210,
	4222,
	4228,
	4237,
	4246,
	4251,
	4258,
	4268,
	4278,
	4289,
	4304,
	4313,
	4321,
	4330,
	4334,
	4343,
	4347,
	4354,
	4359,
	4364,
	4370,
	4382,
	4387,
	4399,
	4410,
	4420,
	4428,
	4435,
	4440,
	4448,
	4456,
	4465,
	4471,
	4481,
	4485,
	4488,
	4493,
	4500,
	4508,
	4519,
	4524,
	4534,
	4549,
	4558,
	4561,
	4566,
	4572,
	4577,
	4582,
	4589,
	4595,
	4605,
	4610,
	4617,
	4624,
	4632,
	4642,
	4652,
	4662,
	4672,
	4682,
	4692,
	4701,
	4706,
	4713,
	4722,
	4734,
	4741,
	4745,
	4754,
	4760,
	4764,
	4774,
	4781,
	4789,
	4794,
	4805,
	4814,
	4821,
	4830,
	4838,
	4847,
	4862,
	4868,
	4880,
	4888,
	4900,
	4905,
	4910,
	4922,
	4930,
	4942,
	4953,
	4966,
	4975,
	4982,
	4989,
	4999,
	5006,
	5015,
	5021,
	5030,
	5037,
	5042,
	5051,
	5059,
	5066,
	5074,
	5085,
	5095,
	5106,
	5111,
	5120,
	5131,
	5140,
	5147,
	5155,
	5167,
	5174,
	5184,
	5191,
	5200,
	5209,
	5225,
	5234,
	5241,
	5251,
	5262,
	5269,
	5278,
	5288,
	5292,
	5303,
	5313,
	5320,
	5329,
	5338,
	5344,
	5352,
	5356,
	5361,
	5369,
	5373,
	5381,
	5386,
	5394,
	5401,
	5406,
	5410,
	5419,
	5423,
	5432,
	5438,
	5445,
	5453,
	5462,
	5470,
	5479,
	5485,
	5492,
	5503,
	5510,
	5517,
	5524,
	5534,
	5547,
	5554,
	5564,
	5574,
	5581,
	5586,
	59,
	59,
	59,
	59,
	59,
	59,
	59,
	59,
	59,
	59,
	59,
	59,
	59,
	59,
	59,
	59,
	59,
	59,
	59,
	59,
	59,
	59,
	59,
	59,
	59,
	59,
	59,
	5589,
	5592,
	5595,
	5598,
	5601,
	59,
	59,
	59,
	59,
	59,
	59,
	59,
	59,
	59,
	59,
	59,
	59,
	59,
	59,
	59,
	59,
	59,
	59,
};

########################################################
TYPE: VALUE
NAME: mtk_gTrans_string_count
VALUE: 1466
########################################################
TYPE: VALUE
NAME: mtk_gMaxDeployedLangs
VALUE: 1
########################################################
TYPE: VALUE
NAME: max_total_len
VALUE: 0
